1;jourpriv;15000;2000
2;anti12;2000;0
3;zoli20;2500;0
4;tomi30;3400;0
5;zitzs21;2300;0
6;zita34;2000;0
7;krisz91;12000;3000
8;pali98;1300;500
9;timi300;4000;1000
10;zolcsi20;5000;0
11;bela92;3000;0
12;lali20;8000;0
13;smouscar;9000;3000
14;tictante;5000;0
15;thildism;2000;0
16;kwestotf;1000;0
17;idigmenz;4000;0
18;rberforg;2000;0
19;etredeso;13500;4000
20;blughthr;12000;0
21;rionyaqu;10000;1000
22;thiambar;2000;0
23;esaftylv;1000;0
24;lali20;20000;2000
25;spriaten;3000;0
26;jourpriv;4000;0
27;anti12;6000;1000
28;lali20;5000;0
29;user13;2000;0
30;anti12;1000;300
31;tomi30;4000;500
32;zitzs21;2500;500
33;zita34;1200;0
34;user13;3000;0
35;toldi20;4000;0
36;lali20;50000;5000
37;akimbo20;6000;1000
38;spiler;2000;0
39;stalker;1000;0
40;john;6000;500
